
-----------------------------------
RANDOM INPUT: 
-----------------------------------

596 568 780 6 184 20 299 580 681 720 645 525 732 492 
678 797 64 478 73 218 697 846 642 290 764 506 792 18 
790 709 148 387 277 929 745 813 949 396 393 983 116 39 
508 849 883 538 998 947 17 71 517 66 269 159 708 33 
17 501 403 807 210 552 194 839 481 291 653 782 688 46 
765 804 437 625 5 672 164 3 971 533 74 488 599 696 
999 659 729 16 160 485 176 722 37 722 562 870 14 215 
4 702 In redix..

-----------------------------------
SORTED OUTPUT: 
-----------------------------------

3 4 5 6 14 16 17 17 18 20 33 37 39 46 
64 66 71 73 74 116 148 159 160 164 176 184 194 210 
215 218 269 277 290 291 299 387 393 396 403 437 478 481 
485 488 492 501 506 508 517 525 533 538 552 562 568 580 
596 599 625 642 645 653 659 672 678 681 688 696 697 702 
708 709 720 722 722 729 732 745 764 765 780 782 790 792 
797 804 807 813 839 846 849 870 883 929 947 949 971 983 
998 999 
